[1.6000e-04 1.6000e-04 1.6000e-04 1.6000e-04 1.6000e-04 9.9696e-01
 1.6000e-04 1.6000e-04 1.6000e-04 1.6000e-04 1.6000e-04 1.6000e-04
 1.6000e-04 1.6000e-04 1.6000e-04 1.6000e-04 1.6000e-04 1.6000e-04
 1.6000e-04 1.6000e-04]
[2.0000e-04 2.0000e-04 2.0000e-04 2.0000e-04 2.0000e-04 2.0000e-04
 2.0000e-04 2.0000e-04 1.1670e-02 9.7967e-01 2.0000e-04 2.0000e-04
 2.0000e-04 2.0000e-04 5.3000e-03 2.0000e-04 2.0000e-04 2.0000e-04
 2.0000e-04 2.0000e-04]
[1.5000e-04 1.5000e-04 1.5000e-04 1.5000e-04 1.5000e-04 1.5000e-04
 1.5000e-04 9.9711e-01 1.5000e-04 1.5000e-04 1.5000e-04 1.5000e-04
 1.5000e-04 1.5000e-04 1.5000e-04 1.5000e-04 1.5000e-04 1.5000e-04
 1.5000e-04 1.5000e-04]
[1.7000e-04 1.7000e-04 1.7000e-04 9.9668e-01 1.7000e-04 1.7000e-04
 1.7000e-04 1.7000e-04 1.7000e-04 1.7000e-04 1.7000e-04 1.7000e-04
 1.7000e-04 1.7000e-04 1.7000e-04 1.7000e-04 1.7000e-04 1.7000e-04
 1.7000e-04 1.7000e-04]
[1.3000e-04 1.3000e-04 9.9747e-01 1.3000e-04 1.3000e-04 1.3000e-04
 1.3000e-04 1.3000e-04 1.3000e-04 1.3000e-04 1.3000e-04 1.3000e-04
 1.3000e-04 1.3000e-04 1.3000e-04 1.3000e-04 1.3000e-04 1.3000e-04
 1.3000e-04 1.3000e-04]
[3.3000e-04 3.3000e-04 3.3000e-04 3.3000e-04 3.3000e-04 3.3000e-04
 3.3000e-04 3.3000e-04 3.3000e-04 3.3000e-04 3.3000e-04 9.9371e-01
 3.3000e-04 3.3000e-04 3.3000e-04 3.3000e-04 3.3000e-04 3.3000e-04
 3.3000e-04 3.3000e-04]
[2.6000e-04 9.9515e-01 2.6000e-04 2.6000e-04 2.6000e-04 2.6000e-04
 2.6000e-04 2.6000e-04 2.6000e-04 2.6000e-04 2.6000e-04 2.6000e-04
 2.6000e-04 2.6000e-04 2.6000e-04 2.6000e-04 2.6000e-04 2.6000e-04
 2.6000e-04 2.6000e-04]
[1.200e-04 1.200e-04 1.200e-04 1.200e-04 1.200e-04 1.200e-04 1.200e-04
 1.200e-04 1.200e-04 1.200e-04 1.200e-04 1.200e-04 1.200e-04 1.200e-04
 1.200e-04 9.978e-01 1.200e-04 1.200e-04 1.200e-04 1.200e-04]
[1.7000e-04 1.7000e-04 1.7000e-04 1.7000e-04 1.7000e-04 1.7000e-04
 1.7000e-04 1.7000e-04 1.7000e-04 9.9682e-01 1.7000e-04 1.7000e-04
 1.7000e-04 1.7000e-04 1.7000e-04 1.7000e-04 1.7000e-04 1.7000e-04
 1.7000e-04 1.7000e-04]
[1.1000e-04 1.1000e-04 1.1000e-04 1.1000e-04 1.1000e-04 1.1000e-04
 1.1000e-04 1.1000e-04 1.1000e-04 1.1000e-04 1.1000e-04 1.1000e-04
 1.1000e-04 1.1000e-04 1.1000e-04 1.1000e-04 1.1000e-04 1.1000e-04
 9.9791e-01 1.1000e-04]
[1.2900e-03 6.0000e-05 6.0000e-05 6.0000e-05 6.0000e-05 6.0000e-05
 6.0000e-05 1.3500e-03 6.0000e-05 6.0000e-05 6.0000e-05 6.0000e-05
 6.0000e-05 9.9638e-01 6.0000e-05 6.0000e-05 6.0000e-05 6.0000e-05
 6.0000e-05 6.0000e-05]
[1.1000e-04 9.1608e-01 1.1000e-04 1.1000e-04 1.1000e-04 1.1000e-04
 1.1000e-04 1.1000e-04 4.0800e-03 1.1000e-04 1.1000e-04 1.1000e-04
 1.1000e-04 1.1000e-04 7.7920e-02 1.1000e-04 1.1000e-04 1.1000e-04
 1.1000e-04 1.1000e-04]
[1.4000e-04 1.4000e-04 1.4000e-04 1.4000e-04 9.9738e-01 1.4000e-04
 1.4000e-04 1.4000e-04 1.4000e-04 1.4000e-04 1.4000e-04 1.4000e-04
 1.4000e-04 1.4000e-04 1.4000e-04 1.4000e-04 1.4000e-04 1.4000e-04
 1.4000e-04 1.4000e-04]
[2.0000e-04 2.0000e-04 2.0000e-04 2.0000e-04 2.0000e-04 2.0000e-04
 2.0000e-04 9.9623e-01 2.0000e-04 2.0000e-04 2.0000e-04 2.0000e-04
 2.0000e-04 2.0000e-04 2.0000e-04 2.0000e-04 2.0000e-04 2.0000e-04
 2.0000e-04 2.0000e-04]
[2.7000e-04 2.7000e-04 2.7000e-04 9.9486e-01 2.7000e-04 2.7000e-04
 2.7000e-04 2.7000e-04 2.7000e-04 2.7000e-04 2.7000e-04 2.7000e-04
 2.7000e-04 2.7000e-04 2.7000e-04 2.7000e-04 2.7000e-04 2.7000e-04
 2.7000e-04 2.7000e-04]
[9.9721e-01 1.5000e-04 1.5000e-04 1.5000e-04 1.5000e-04 1.5000e-04
 1.5000e-04 1.5000e-04 1.5000e-04 1.5000e-04 1.5000e-04 1.5000e-04
 1.5000e-04 1.5000e-04 1.5000e-04 1.5000e-04 1.5000e-04 1.5000e-04
 1.5000e-04 1.5000e-04]
[9.0000e-05 9.0000e-05 9.0000e-05 9.0000e-05 9.0000e-05 9.0000e-05
 9.0000e-05 9.0000e-05 9.0000e-05 9.0000e-05 9.0000e-05 9.0000e-05
 9.0000e-05 9.0000e-05 9.0000e-05 9.0000e-05 9.0000e-05 9.9838e-01
 9.0000e-05 9.0000e-05]
[1.10e-04 1.10e-04 9.98e-01 1.10e-04 1.10e-04 1.10e-04 1.10e-04 1.10e-04
 1.10e-04 1.10e-04 1.10e-04 1.10e-04 1.10e-04 1.10e-04 1.10e-04 1.10e-04
 1.10e-04 1.10e-04 1.10e-04 1.10e-04]
[9.4599e-01 1.3000e-04 3.6610e-02 1.3000e-04 1.3000e-04 1.3000e-04
 1.3000e-04 1.3000e-04 8.7900e-03 1.3000e-04 6.5300e-03 1.3000e-04
 1.3000e-04 1.3000e-04 1.3000e-04 1.3000e-04 1.3000e-04 1.3000e-04
 1.3000e-04 1.3000e-04]
[1.5000e-04 9.9719e-01 1.5000e-04 1.5000e-04 1.5000e-04 1.5000e-04
 1.5000e-04 1.5000e-04 1.5000e-04 1.5000e-04 1.5000e-04 1.5000e-04
 1.5000e-04 1.5000e-04 1.5000e-04 1.5000e-04 1.5000e-04 1.5000e-04
 1.5000e-04 1.5000e-04]
[9.0000e-05 9.0000e-05 9.0000e-05 9.0000e-05 9.0000e-05 9.0000e-05
 9.0000e-05 9.9838e-01 9.0000e-05 9.0000e-05 9.0000e-05 9.0000e-05
 9.0000e-05 9.0000e-05 9.0000e-05 9.0000e-05 9.0000e-05 9.0000e-05
 9.0000e-05 9.0000e-05]
[1.1000e-04 1.1000e-04 1.1000e-04 1.1000e-04 1.1000e-04 9.9788e-01
 1.1000e-04 1.1000e-04 1.1000e-04 1.1000e-04 1.1000e-04 1.1000e-04
 1.1000e-04 1.1000e-04 1.1000e-04 1.1000e-04 1.1000e-04 1.1000e-04
 1.1000e-04 1.1000e-04]
[2.5000e-04 2.5000e-04 2.5000e-04 2.5000e-04 2.5000e-04 2.5000e-04
 2.5000e-04 9.9525e-01 2.5000e-04 2.5000e-04 2.5000e-04 2.5000e-04
 2.5000e-04 2.5000e-04 2.5000e-04 2.5000e-04 2.5000e-04 2.5000e-04
 2.5000e-04 2.5000e-04]
[1.7000e-04 9.9671e-01 1.7000e-04 1.7000e-04 1.7000e-04 1.7000e-04
 1.7000e-04 1.7000e-04 1.7000e-04 1.7000e-04 1.7000e-04 1.7000e-04
 1.7000e-04 1.7000e-04 1.7000e-04 1.7000e-04 1.7000e-04 1.7000e-04
 1.7000e-04 1.7000e-04]
[2.1000e-04 2.1000e-04 2.1000e-04 2.1000e-04 2.1000e-04 9.9599e-01
 2.1000e-04 2.1000e-04 2.1000e-04 2.1000e-04 2.1000e-04 2.1000e-04
 2.1000e-04 2.1000e-04 2.1000e-04 2.1000e-04 2.1000e-04 2.1000e-04
 2.1000e-04 2.1000e-04]
[4.2000e-04 4.2000e-04 4.2000e-04 9.9208e-01 4.2000e-04 4.2000e-04
 4.2000e-04 4.2000e-04 4.2000e-04 4.2000e-04 4.2000e-04 4.2000e-04
 4.2000e-04 4.2000e-04 4.2000e-04 4.2000e-04 4.2000e-04 4.2000e-04
 4.2000e-04 4.2000e-04]
[3.3000e-04 3.3000e-04 3.3000e-04 3.3000e-04 9.9367e-01 3.3000e-04
 3.3000e-04 3.3000e-04 3.3000e-04 3.3000e-04 3.3000e-04 3.3000e-04
 3.3000e-04 3.3000e-04 3.3000e-04 3.3000e-04 3.3000e-04 3.3000e-04
 3.3000e-04 3.3000e-04]
[2.500e-04 2.500e-04 2.500e-04 2.500e-04 2.500e-04 2.500e-04 2.500e-04
 2.500e-04 2.500e-04 2.500e-04 2.500e-04 2.500e-04 2.500e-04 2.500e-04
 9.952e-01 2.500e-04 2.500e-04 2.500e-04 2.500e-04 2.500e-04]
[2.0000e-04 2.0000e-04 2.0000e-04 2.0000e-04 2.0000e-04 2.0000e-04
 2.0000e-04 2.0000e-04 2.0000e-04 2.0000e-04 2.0000e-04 2.0000e-04
 2.0000e-04 2.0000e-04 9.9629e-01 2.0000e-04 2.0000e-04 2.0000e-04
 2.0000e-04 2.0000e-04]
[2.9000e-04 2.9000e-04 2.9000e-04 2.9000e-04 2.9000e-04 2.9000e-04
 2.9000e-04 2.9000e-04 2.9000e-04 2.9000e-04 2.9000e-04 2.9000e-04
 2.9000e-04 2.9000e-04 2.9000e-04 2.9000e-04 2.9000e-04 9.9457e-01
 2.9000e-04 2.9000e-04]
[2.2000e-04 2.2000e-04 2.2000e-04 2.2000e-04 2.2000e-04 2.2000e-04
 2.2000e-04 2.2000e-04 9.9581e-01 2.2000e-04 2.2000e-04 2.2000e-04
 2.2000e-04 2.2000e-04 2.2000e-04 2.2000e-04 2.2000e-04 2.2000e-04
 2.2000e-04 2.2000e-04]
[1.5000e-04 1.5000e-04 1.5000e-04 1.5000e-04 1.5000e-04 1.5000e-04
 1.5000e-04 1.5000e-04 1.5000e-04 1.5000e-04 9.9723e-01 1.5000e-04
 1.5000e-04 1.5000e-04 1.5000e-04 1.5000e-04 1.5000e-04 1.5000e-04
 1.5000e-04 1.5000e-04]
[3.0000e-04 3.0000e-04 3.0000e-04 3.0000e-04 3.0000e-04 3.0000e-04
 3.0000e-04 3.0000e-04 3.0000e-04 3.0000e-04 3.0000e-04 3.0000e-04
 9.9431e-01 3.0000e-04 3.0000e-04 3.0000e-04 3.0000e-04 3.0000e-04
 3.0000e-04 3.0000e-04]
[9.0000e-05 9.0000e-05 9.0000e-05 9.0000e-05 9.0000e-05 9.0000e-05
 9.0000e-05 9.0000e-05 9.9644e-01 2.0100e-03 9.0000e-05 9.0000e-05
 9.0000e-05 9.0000e-05 9.0000e-05 9.0000e-05 9.0000e-05 9.0000e-05
 9.0000e-05 9.0000e-05]
[3.8000e-04 3.8000e-04 3.8000e-04 3.8000e-04 3.8000e-04 3.8000e-04
 3.8000e-04 3.8000e-04 3.8000e-04 3.8000e-04 3.8000e-04 9.9286e-01
 3.8000e-04 3.8000e-04 3.8000e-04 3.8000e-04 3.8000e-04 3.8000e-04
 3.8000e-04 3.8000e-04]
[1.0000e-04 1.0000e-04 1.0000e-04 8.2524e-01 1.0000e-04 1.0000e-04
 1.0000e-04 1.0000e-04 9.9100e-02 1.0000e-04 7.3980e-02 1.0000e-04
 1.0000e-04 1.0000e-04 1.0000e-04 1.0000e-04 1.0000e-04 1.0000e-04
 1.0000e-04 1.0000e-04]
[2.1000e-04 2.1000e-04 2.1000e-04 2.1000e-04 2.1000e-04 2.1000e-04
 2.1000e-04 2.1000e-04 9.9603e-01 2.1000e-04 2.1000e-04 2.1000e-04
 2.1000e-04 2.1000e-04 2.1000e-04 2.1000e-04 2.1000e-04 2.1000e-04
 2.1000e-04 2.1000e-04]
[1.1000e-04 1.1000e-04 1.1000e-04 1.1000e-04 1.1000e-04 1.1000e-04
 1.1000e-04 1.1000e-04 1.1000e-04 9.9794e-01 1.1000e-04 1.1000e-04
 1.1000e-04 1.1000e-04 1.1000e-04 1.1000e-04 1.1000e-04 1.1000e-04
 1.1000e-04 1.1000e-04]
[1.5000e-04 1.5000e-04 1.5000e-04 1.5000e-04 1.5000e-04 1.5000e-04
 1.5000e-04 1.5000e-04 1.5000e-04 1.5000e-04 1.5000e-04 1.5000e-04
 1.5000e-04 1.5000e-04 1.5000e-04 1.5000e-04 1.5000e-04 1.5000e-04
 1.5000e-04 9.9706e-01]
[3.2000e-04 3.2000e-04 3.2000e-04 3.2000e-04 3.2000e-04 3.2000e-04
 3.2000e-04 3.2000e-04 3.2000e-04 3.2000e-04 3.2000e-04 3.2000e-04
 3.2000e-04 3.2000e-04 3.2000e-04 9.9399e-01 3.2000e-04 3.2000e-04
 3.2000e-04 3.2000e-04]
[1.2000e-04 1.2000e-04 1.2000e-04 1.2000e-04 1.2000e-04 1.2000e-04
 1.2000e-04 1.2000e-04 1.2000e-04 1.2000e-04 1.2000e-04 1.2000e-04
 1.2000e-04 1.2000e-04 9.9763e-01 1.2000e-04 1.2000e-04 1.2000e-04
 1.2000e-04 1.2000e-04]
[9.000e-05 9.000e-05 9.000e-05 9.000e-05 9.000e-05 9.000e-05 9.000e-05
 4.330e-03 9.000e-05 9.000e-05 9.000e-05 9.000e-05 9.884e-01 5.720e-03
 9.000e-05 9.000e-05 9.000e-05 9.000e-05 9.000e-05 9.000e-05]
[2.4000e-04 2.4000e-04 2.4000e-04 2.4000e-04 2.4000e-04 2.4000e-04
 2.4000e-04 2.4000e-04 2.4000e-04 2.4000e-04 2.4000e-04 2.4000e-04
 2.4000e-04 2.4000e-04 2.4000e-04 2.4000e-04 9.9545e-01 2.4000e-04
 2.4000e-04 2.4000e-04]
[1.4000e-04 1.4000e-04 1.4000e-04 1.4000e-04 1.4000e-04 1.4000e-04
 1.4000e-04 9.9732e-01 1.4000e-04 1.4000e-04 1.4000e-04 1.4000e-04
 1.4000e-04 1.4000e-04 1.4000e-04 1.4000e-04 1.4000e-04 1.4000e-04
 1.4000e-04 1.4000e-04]
[1.1000e-04 1.1000e-04 1.1000e-04 1.1000e-04 1.1000e-04 1.1000e-04
 1.1000e-04 1.1000e-04 1.1000e-04 1.1000e-04 1.1000e-04 1.1000e-04
 1.1000e-04 1.1000e-04 1.1000e-04 1.1000e-04 1.1000e-04 1.1000e-04
 1.1000e-04 9.9787e-01]
[9.0000e-05 9.0000e-05 9.0000e-05 9.0000e-05 9.0000e-05 9.0000e-05
 9.0000e-05 9.0000e-05 9.0000e-05 9.0000e-05 9.0000e-05 9.0000e-05
 9.0000e-05 9.0000e-05 9.0000e-05 9.9825e-01 9.0000e-05 9.0000e-05
 9.0000e-05 9.0000e-05]
[1.0000e-04 1.0000e-04 1.0000e-04 1.0000e-04 1.0000e-04 1.0000e-04
 1.0000e-04 1.0000e-04 9.9813e-01 1.0000e-04 1.0000e-04 1.0000e-04
 1.0000e-04 1.0000e-04 1.0000e-04 1.0000e-04 1.0000e-04 1.0000e-04
 1.0000e-04 1.0000e-04]
[1.5000e-04 1.5000e-04 1.5000e-04 1.5000e-04 1.5000e-04 1.5000e-04
 1.5000e-04 1.5000e-04 1.5000e-04 1.5000e-04 1.5000e-04 1.5000e-04
 1.5000e-04 1.5000e-04 1.5000e-04 1.5000e-04 1.5000e-04 1.5000e-04
 1.5000e-04 9.9716e-01]
[1.3000e-04 1.3000e-04 1.3000e-04 1.3000e-04 1.3000e-04 1.3000e-04
 1.3000e-04 1.3000e-04 1.3000e-04 1.3000e-04 1.3000e-04 1.3000e-04
 9.9755e-01 1.3000e-04 1.3000e-04 1.3000e-04 1.3000e-04 1.3000e-04
 1.3000e-04 1.3000e-04]
